10,76
10,200
10,182
10,252
10,138
10,284
10,216
10,80
10,2
10,3
11,14
11,10
11,4
11,18
11,22
11,20
9,7
9,4
9,1
9,6
9,2
9,3
8,13
8,8
8,17
8,15
8,16
314,3
314,2
314,1
314,0
313,3
313,2
313,1
313,0
312,3
312,2
312,1
312,0
311,3
311,2
311,1
311,0
310,3
310,2
310,1
310,0
309,3
309,2
309,1
309,0
308,6
308,5
308,4
308,3
308,2
308,1
308,0
307,3
307,2
307,1
307,0
306,3
306,2
306,1
306,0
305,3
305,2
305,1
305,0
304,4
304,3
304,2
304,1
304,0
303,5
303,4
303,3
18,1
303,2
303,1
18,3
303,0
302,6
302,5
302,4
302,3
302,2
302,1
302,0
301,5
301,4
301,3
301,2
301,1
14,1
301,0
300,3
14,3
300,2
300,1
13,1
300,0
299,3
13,3
299,2
299,1
299,0
298,4
298,3
298,2
298,1
298,0
297,4
297,3
297,2
297,1
297,0
2,2
119,3
2,1
119,1
20,3
2,3
